01
000365FFFFFFFFFFFFFFFFFFFF
03554210   31047300  
02184280   31047301  
03574230   31047303  
03584240   31047304  
03604270   31047306  
03614310   31047307  
03634350   31047309  
02697010   31047400  
02127030   31047401  
02707020   31047402  
02717110   31047403  
02727090   31047404  
02737050   31047405  
02747070   31047406  
02757130   31047407  
02767150   31047408  
02937010   31047409  
05447090   31047410  
04357710   31047500  
04377740   31047502  
04387760   31047503  
04558510   31047600  
04568520   31047601  
02002900   31047700  
04176510   31047800  
01256630   31047801  
02146840   31047802  
02246650   31047803  
04186550   31047804  
04196560   31047805  
04206570   31047806  
04216580   31047807  
04226590   31047808  
04236610   31047809  
04246620   31047810  
04276710   31047811  
04286730   31047812  
04296750   31047813  
04306770   31047814  
04316790   31047815  
04326810   31047816  
04256670   31047817  
04266690   31047818  
04336870   31047819  
05506743   31047821  
04678810   31047900  
02428800   31047901  
02448800   31047903  
02478800   31047906  
02498800   31047908  
02518800   31047910  
02528800   31047911  
02538800   31047912  
02548800   31047913  
02017910   31048000  
01967950   31048001  
02027930   31048002  
02037970   31048003  
02047920   31048004  
02068040   31048006  
02077990   31048007  
02088010   31048008  
02098030   31048009  
01078060   31048011  
05437972   31048012  
02195510   31048200  
03895520   31048202  
03905530   31048203  
03915540   31048204  
03925550   31048205  
03945580   31048207  
03955590   31048208  
03965610   31048209  
03975620   31048210  
03985630   31048211  
03995650   31048212  
04005670   31048213  
04015690   31048214  
00083010   31048300  
01013120   31048301  
01023140   31048302  
01423050   31048303  
01413060   31048304  
01403040   31048305  
01433180   31048306  
01443110   31048307  
01453080   31048308  
01463030   31048309  
01473070   31048310  
01303160   31048311  
01273020   31048312  
05453052   31048315  
04026110   31048400  
04036140   31048401  
04046170   31048402  
04066230   31048404  
04076240   31048405  
04086260   31048406  
04106310   31048408  
04116320   31048409  
04126330   31048410  
04146350   31048412  
04156360   31048413  
01616020   31048702  
02205810   31048703  
02215840   31048704  
01056030   31048705  
02785950   31048708  
02805890   31048710  
02825930   31048712  
02865980   31048716  
02885820   31048718  
02896050   31048719  
02926060   31048722  
01355850   31048724  
01063330   31048800  
01663310   31048801  
03473320   31048802  
01493350   31048803  
02113450   31048804  
03493370   31048807  
03523430   31048810  
01092410   31048900  
01182420   31048901  
02222410   31048902  
01482450   31048903  
01802410   31048904  
02942460   31048905  
02952424   31048906  
03322430   31048908  
03332440   31048909  
03342470   31048910  
03362510   31048912  
04832411   31048913  
04842412   31048914  
04852413   31048915  
04862415   31048916  
04872421   31048917  
04882422   31048918  
04892423   31048919  
04902425   31048920  
04912431   31048921  
04922432   31048922  
04932433   31048923  
04942434   31048924  
04952441   31048925  
04962442   31048926  
04972451   31048927  
04982452   31048928  
04992453   31048929  
05002454   31048930  
05012455   31048931  
05022461   31048932  
05032462   31048933  
05042464   31048934  
05052472   31048935  
05062474   31048936  
05072477   31048937  
05082478   31048938  
05092491   31048939  
05102492   31048940  
05112493   31048941  
05122494   31048942  
05132495   31048943  
05142496   31048944  
05152497   31048945  
05162498   31048946  
05172511   31048947  
05182512   31048948  
05192514   31048949  
05202400   31048950  
05212482   31048951  
05222466   31048952  
04428210   31049000  
01168330   31049001  
04438220   31049002  
04448230   31049003  
04458240   31049004  
04468250   31049005  
04478260   31049006  
04488270   31049007  
04498280   31049008  
04508290   31049009  
04518310   31049010  
04528340   31049011  
04538360   31049012  
04548380   31049013  
01131121   31049102  
01656900   31049200  
01396900   31049201  
01154540   31049300  
01384730   31049301  
01314500   31049302  
01984520   31049304  
01994630   31049305  
02104560   31049306  
02234650   31049307  
03664530   31049309  
03694610   31049312  
03704660   31049313  
03714680   31049314  
03724710   31049315  
03734750   31049316  
05604660   31049319  
01171210   31049500  
01691210   31049501  
01701340   31049502  
01721460   31049503  
01711380   31049504  
01731240   31049505  
01741260   31049506  
01751410   31049507  
01761430   31049508  
01781310   31049509  
01791270   31049510  
01771480   31049511  
01581270   31049512  
01192720   31049700  
01262660   31049701  
01592610   31049702  
03372640   31049703  
03382670   31049704  
03392680   31049705  
03402690   31049706  
03412710   31049707  
03422740   31049708  
03432750   31049709  
03442760   31049710  
03452780   31049711  
03462790   31049712  
01207310   31049800  
01957560   31049801  
01947540   31049802  
01937550   31049803  
01927570   31049804  
01917490   31049805  
01907580   31049806  
01897470   31049807  
01887430   31049808  
01877450   31049809  
01867340   31049810  
01857530   31049811  
01847380   31049812  
01837360   31049813  
01827510   31049814  
01817410   31049815  
04827310   31049816  
01213630   31049900  
02273610   31049902  
02293740   31049904  
02303720   31049905  
02313750   31049906  
02323650   31049907  
02333620   31049908  
02353680   31049910  
02393710   31049914  
02403640   31049915  
02156410   31050000  
05236421   31050002  
05246423   31050003  
05256424   31050004  
05266425   31050005  
05276426   31050006  
05286427   31050007  
05296428   31050008  
05306429   31050009  
05316431   31050010  
05326432   31050011  
05336433   31050012  
05346434   31050013  
05356435   31050014  
05366436   31050015  
05376437   31050016  
05386438   31050017  
05396440   31050018  
05406400   31050019  
05516420   31050021  
01108710   31050200  
04638720   31050201  
04648730   31050202  
04658740   31050203  
01283910   31050600  
01333970   31050601  
01573918   31050602  
01564030   31050603  
01554050   31050604  
01533940   31050605  
01523990   31050606  
01513950   31050607  
01343930   31050608  
01544010   31050609  
01294950   31050700  
01974910   31050702  
02135030   31050703  
02265050   31050705  
02555010   31050706  
02564960   31050707  
02575110   31050708  
02585130   31050709  
02594920   31050710  
02605017   31050711  
02614980   31050712  
02625060   31050713  
02635040   31050714  
02644930   31050715  
02655020   31050716  
02665150   31050717  
02674970   31050718  
02685080   31050719  
05495030   31050720  
05534900   31050721  
05544900   31050722  
05554900   31050723  
05564900   31050724  
05574900   31050725  
01321920   31051100  
03081910   31051101  
03091930   31051102  
03101940   31051103  
03111960   31051104  
03121980   31051105  
03131990   31051106  
03142010   31051107  
03152030   31051108  
03162050   31051109  
03172070   31051110  
03182080   31051111  
05472011   31051113  
01642220   31051200  
02172210   31051201  
03202240   31051202  
03192230   31051203  
03222260   31051205  
03232270   31051206  
03242280   31051207  
03252290   31051208  
03262310   31051209  
03272320   31051210  
03282330   31051211  
03292340   31051212  
03302360   31051213  
02971610   31051300  
02981620   31051301  
02991650   31051302  
03001660   31051303  
03011680   31051304  
03021690   31051305  
03031710   31051306  
03041730   31051307  
03051750   31051308  
03061770   31051309  
03071810   31051310  
03765210   31051400  
03775220   31051401  
03785230   31051402  
03795250   31051403  
03805270   31051404  
03815280   31051405  
03825310   31051406  
03835320   31051407  
03845330   31051408  
03865360   31051410  
04815375   31051413  
01011000   31051700  
09981001   31052280  
